"filename", "language", "TypeScript", "Vue", "Markdown", "comment", "blank", "total"
"/Users/peaker/dev/solar-finance/src/App.vue", "Vue", 0, 108, 0, 0, 11, 119
"/Users/peaker/dev/solar-finance/src/about/Description.md", "Markdown", 0, 0, 58, 0, 28, 86
"/Users/peaker/dev/solar-finance/src/about/WorkFlow/BaseStores.md", "Markdown", 0, 0, 169, 0, 52, 221
"/Users/peaker/dev/solar-finance/src/about/WorkFlow/MainPlan.md", "Markdown", 0, 0, 468, 0, 151, 619
"/Users/peaker/dev/solar-finance/src/about/WorkFlow/Mock.md", "Markdown", 0, 0, 1306, 0, 68, 1374
"/Users/peaker/dev/solar-finance/src/about/main.md", "Markdown", 0, 0, 647, 0, 121, 768
"/Users/peaker/dev/solar-finance/src/components/categories/CategoryAddPopup.vue", "Vue", 0, 359, 0, 9, 45, 413
"/Users/peaker/dev/solar-finance/src/components/categories/CategoryFilterToggle.vue", "Vue", 0, 59, 0, 1, 10, 70
"/Users/peaker/dev/solar-finance/src/components/categories/CategoryIcon.vue", "Vue", 0, 83, 0, 1, 14, 98
"/Users/peaker/dev/solar-finance/src/components/categories/CategoryItem.vue", "Vue", 0, 109, 0, 1, 16, 126
"/Users/peaker/dev/solar-finance/src/components/categories/CategoryListGrouped.vue", "Vue", 0, 96, 0, 3, 15, 114
"/Users/peaker/dev/solar-finance/src/components/categories/CategoryListPopup.vue", "Vue", 0, 390, 0, 12, 67, 469
"/Users/peaker/dev/solar-finance/src/components/categories/CategorySelector.vue", "Vue", 0, 258, 0, 5, 35, 298
"/Users/peaker/dev/solar-finance/src/components/navigation/NavMenu.vue", "Vue", 0, 96, 0, 1, 4, 101
"/Users/peaker/dev/solar-finance/src/components/transactions/AccountSelector.vue", "Vue", 0, 219, 0, 4, 29, 252
"/Users/peaker/dev/solar-finance/src/components/transactions/BookSelector.vue", "Vue", 0, 135, 0, 1, 19, 155
"/Users/peaker/dev/solar-finance/src/components/transactions/NumberKeypad.vue", "Vue", 0, 123, 0, 2, 12, 137
"/Users/peaker/dev/solar-finance/src/components/transactions/PercentageSlider.vue", "Vue", 0, 162, 0, 1, 21, 184
"/Users/peaker/dev/solar-finance/src/components/transactions/TransactionTypeSelector.vue", "Vue", 0, 82, 0, 1, 11, 94
"/Users/peaker/dev/solar-finance/src/components/ui/BasePopup.vue", "Vue", 0, 164, 0, 1, 3, 168
"/Users/peaker/dev/solar-finance/src/components/ui/CreateCategoryButton.vue", "Vue", 0, 44, 0, 1, 6, 51
"/Users/peaker/dev/solar-finance/src/components/ui/inputs/ColorPicker.vue", "Vue", 0, 63, 0, 1, 12, 76
"/Users/peaker/dev/solar-finance/src/components/ui/inputs/IconPicker.vue", "Vue", 0, 61, 0, 1, 8, 70
"/Users/peaker/dev/solar-finance/src/components/ui/inputs/ParentCategorySelector.vue", "Vue", 0, 121, 0, 1, 17, 139
"/Users/peaker/dev/solar-finance/src/components/ui/inputs/TextInput.vue", "Vue", 0, 54, 0, 1, 7, 62
"/Users/peaker/dev/solar-finance/src/components/ui/inputs/ToggleButtonGroup.vue", "Vue", 0, 64, 0, 1, 7, 72
"/Users/peaker/dev/solar-finance/src/components/ui/inputs/ToggleSwitch.vue", "Vue", 0, 47, 0, 1, 7, 55
"/Users/peaker/dev/solar-finance/src/data/categories.ts", "TypeScript", 110, 0, 0, 11, 26, 147
"/Users/peaker/dev/solar-finance/src/layouts/EmptyLayout.vue", "Vue", 0, 15, 0, 0, 2, 17
"/Users/peaker/dev/solar-finance/src/layouts/IosLayout.vue", "Vue", 0, 63, 0, 1, 10, 74
"/Users/peaker/dev/solar-finance/src/main.ts", "TypeScript", 18, 0, 0, 7, 6, 31
"/Users/peaker/dev/solar-finance/src/router/index.ts", "TypeScript", 108, 0, 0, 14, 10, 132
"/Users/peaker/dev/solar-finance/src/services/BaseCrudService.ts", "TypeScript", 54, 0, 0, 22, 11, 87
"/Users/peaker/dev/solar-finance/src/services/api/ApiService.ts", "TypeScript", 6, 0, 0, 1, 4, 11
"/Users/peaker/dev/solar-finance/src/services/api/LocalStorageApiService.ts", "TypeScript", 76, 0, 0, 30, 32, 138
"/Users/peaker/dev/solar-finance/src/stores/account/accountService.ts", "TypeScript", 90, 0, 0, 27, 13, 130
"/Users/peaker/dev/solar-finance/src/stores/account/accountStore.ts", "TypeScript", 128, 0, 0, 34, 24, 186
"/Users/peaker/dev/solar-finance/src/stores/account/defaultAccounts.ts", "TypeScript", 31, 0, 0, 6, 1, 38
"/Users/peaker/dev/solar-finance/src/stores/account/index.ts", "TypeScript", 4, 0, 0, 2, 1, 7
"/Users/peaker/dev/solar-finance/src/stores/account/types.ts", "TypeScript", 17, 0, 0, 1, 2, 20
"/Users/peaker/dev/solar-finance/src/stores/book/bookService.ts", "TypeScript", 77, 0, 0, 24, 12, 113
"/Users/peaker/dev/solar-finance/src/stores/book/bookStore.ts", "TypeScript", 129, 0, 0, 32, 26, 187
"/Users/peaker/dev/solar-finance/src/stores/book/defaultBooks.ts", "TypeScript", 40, 0, 0, 5, 1, 46
"/Users/peaker/dev/solar-finance/src/stores/book/index.ts", "TypeScript", 4, 0, 0, 2, 1, 7
"/Users/peaker/dev/solar-finance/src/stores/book/types.ts", "TypeScript", 18, 0, 0, 1, 2, 21
"/Users/peaker/dev/solar-finance/src/stores/category/categoryService.ts", "TypeScript", 206, 0, 0, 59, 51, 316
"/Users/peaker/dev/solar-finance/src/stores/category/categoryStore.ts", "TypeScript", 113, 0, 0, 14, 36, 163
"/Users/peaker/dev/solar-finance/src/stores/category/defaultCategories.ts", "TypeScript", 219, 0, 0, 10, 9, 238
"/Users/peaker/dev/solar-finance/src/stores/category/index.ts", "TypeScript", 12, 0, 0, 6, 6, 24
"/Users/peaker/dev/solar-finance/src/stores/category/types.ts", "TypeScript", 21, 0, 0, 6, 3, 30
"/Users/peaker/dev/solar-finance/src/stores/common/types.ts", "TypeScript", 9, 0, 0, 1, 1, 11
"/Users/peaker/dev/solar-finance/src/stores/system/constants.ts", "TypeScript", 35, 0, 0, 13, 4, 52
"/Users/peaker/dev/solar-finance/src/stores/system/index.ts", "TypeScript", 3, 0, 0, 2, 1, 6
"/Users/peaker/dev/solar-finance/src/stores/system/systemStore.ts", "TypeScript", 56, 0, 0, 34, 12, 102
"/Users/peaker/dev/solar-finance/src/stores/system/types.ts", "TypeScript", 24, 0, 0, 5, 4, 33
"/Users/peaker/dev/solar-finance/src/stores/theme.ts", "TypeScript", 71, 0, 0, 10, 10, 91
"/Users/peaker/dev/solar-finance/src/stores/transaction/defaultTransactions.ts", "TypeScript", 113, 0, 0, 8, 3, 124
"/Users/peaker/dev/solar-finance/src/stores/transaction/index.ts", "TypeScript", 4, 0, 0, 2, 1, 7
"/Users/peaker/dev/solar-finance/src/stores/transaction/transactionService.ts", "TypeScript", 72, 0, 0, 20, 11, 103
"/Users/peaker/dev/solar-finance/src/stores/transaction/transactionStore.ts", "TypeScript", 168, 0, 0, 43, 39, 250
"/Users/peaker/dev/solar-finance/src/stores/transaction/types.ts", "TypeScript", 30, 0, 0, 6, 8, 44
"/Users/peaker/dev/solar-finance/src/stores/user/defaultUsers.ts", "TypeScript", 33, 0, 0, 6, 1, 40
"/Users/peaker/dev/solar-finance/src/stores/user/index.ts", "TypeScript", 4, 0, 0, 2, 1, 7
"/Users/peaker/dev/solar-finance/src/stores/user/types.ts", "TypeScript", 15, 0, 0, 2, 2, 19
"/Users/peaker/dev/solar-finance/src/stores/user/userService.ts", "TypeScript", 110, 0, 0, 43, 20, 173
"/Users/peaker/dev/solar-finance/src/stores/user/userStore.ts", "TypeScript", 116, 0, 0, 39, 30, 185
"/Users/peaker/dev/solar-finance/src/types/base.ts", "TypeScript", 5, 0, 0, 0, 0, 5
"/Users/peaker/dev/solar-finance/src/views/AccountsView.vue", "Vue", 0, 22, 0, 1, 3, 26
"/Users/peaker/dev/solar-finance/src/views/DashboardView.vue", "Vue", 0, 221, 0, 4, 19, 244
"/Users/peaker/dev/solar-finance/src/views/MoreView.vue", "Vue", 0, 229, 0, 7, 32, 268
"/Users/peaker/dev/solar-finance/src/views/NotFoundView.vue", "Vue", 0, 32, 0, 1, 4, 37
"/Users/peaker/dev/solar-finance/src/views/PinLoginView.vue", "Vue", 0, 223, 0, 5, 37, 265
"/Users/peaker/dev/solar-finance/src/views/TransactionView.vue", "Vue", 0, 375, 0, 5, 62, 442
"Total", "-", 2349, 4077, 2648, 624, 1390, 11088