"filename", "language", "TypeScript", "Vue", "Markdown", "comment", "blank", "total"
"/Users/peaker/dev/solar-finance/src/about/WorkFlow/DistributionRules.md", "Markdown", 0, 0, 606, 0, 140, 746
"/Users/peaker/dev/solar-finance/src/components/transactions/AccountSelector.vue", "Vue", 0, -294, 0, -10, -37, -341
"/Users/peaker/dev/solar-finance/src/components/transactions/TransactionTypeSelector.vue", "Vue", 0, -82, 0, -1, -11, -94
"/Users/peaker/dev/solar-finance/src/components/ui/selectors/BaseAccountSelector.vue", "Vue", 0, 244, 0, 11, 21, 276
"/Users/peaker/dev/solar-finance/src/components/ui/selectors/BaseTransactionSelector.vue", "Vue", 0, 388, 0, 5, 72, 465
"/Users/peaker/dev/solar-finance/src/constants/transactionTypes.ts", "TypeScript", 26, 0, 0, 6, 6, 38
"/Users/peaker/dev/solar-finance/src/views/transaction/TransactionView.vue", "Vue", 0, 19, 0, 1, 7, 27
"/Users/peaker/dev/solar-finance/src/views/transaction/components/AccountSelector.vue", "Vue", 0, 195, 0, 2, 29, 226
"/Users/peaker/dev/solar-finance/src/views/transaction/components/TransactionTypeSelector.vue", "Vue", 0, 173, 0, 3, 26, 202
"/Users/peaker/dev/solar-finance/src/views/transaction/composables/useDistributionControl.ts", "TypeScript", 67, 0, 0, 32, 16, 115
"Total", "-", 93, 643, 606, 49, 269, 1660