"filename", "language", "TypeScript", "Markdown", "Vue", "comment", "blank", "total"
"/Users/peaker/dev/solar-finance/src/about/main.md", "Markdown", 0, 6, 0, 0, 0, 6
"/Users/peaker/dev/solar-finance/src/components/categories/CategoryListPopup.vue", "Vue", 0, 0, 10, 1, 1, 12
"/Users/peaker/dev/solar-finance/src/components/categories/CategoryViewPopup.vue", "Vue", 0, 0, 496, 10, 82, 588
"/Users/peaker/dev/solar-finance/src/components/transactions/ViewTransaction/TransactionDateGroup.vue", "Vue", 0, 0, 90, 3, 14, 107
"/Users/peaker/dev/solar-finance/src/components/transactions/ViewTransaction/TransactionItem.vue", "Vue", 0, 0, 189, 4, 26, 219
"/Users/peaker/dev/solar-finance/src/components/ui/BasePopup.vue", "Vue", 0, 0, 31, 5, 6, 42
"/Users/peaker/dev/solar-finance/src/components/ui/filters/DateFilter.vue", "Vue", 0, 0, 438, 11, 62, 511
"/Users/peaker/dev/solar-finance/src/composables/useDateFilter.ts", "TypeScript", 330, 0, 0, 43, 64, 437
"/Users/peaker/dev/solar-finance/src/services/transaction/TransactionFilterService.ts", "TypeScript", 57, 0, 0, 26, 14, 97
"/Users/peaker/dev/solar-finance/src/stores/account/defaultAccounts.ts", "TypeScript", 70, 0, 0, 0, -1, 69
"/Users/peaker/dev/solar-finance/src/stores/account/types.ts", "TypeScript", -1, 0, 0, 0, 0, -1
"/Users/peaker/dev/solar-finance/src/stores/transaction/defaultTransactions.ts", "TypeScript", 112, 0, 0, 0, 0, 112
"/Users/peaker/dev/solar-finance/src/stores/transaction/transactionStore.ts", "TypeScript", 2, 0, 0, 2, 0, 4
"Total", "-", 570, 6, 1254, 105, 268, 2203